
---------------------------------------求解结果---------------------------------------
节点位移：
第1个节点的位移：(1.713910e-01,1.713910e-01,-5.915277e-02,2.257798e-01,-2.257798e-01,7.557614e-18)
第2个节点的位移：(0.000000e+00,0.000000e+00,0.000000e+00,0.000000e+00,0.000000e+00,0.000000e+00)
第3个节点的位移：(0.000000e+00,0.000000e+00,0.000000e+00,0.000000e+00,0.000000e+00,0.000000e+00)
第4个节点的位移：(0.000000e+00,0.000000e+00,0.000000e+00,0.000000e+00,0.000000e+00,0.000000e+00)

单元信息：
第1个单元：
整体坐标系下的节点位移：(0.000000e+00,0.000000e+00,0.000000e+00,0.000000e+00,0.000000e+00,0.000000e+00),(1.713910e-01,1.713910e-01,-5.915277e-02,2.257798e-01,-2.257798e-01,7.557614e-18)
局部坐标系下的节点位移：(0.000000e+00,0.000000e+00,0.000000e+00,0.000000e+00,0.000000e+00,0.000000e+00),(-7.936441e-02,1.713910e-01,1.630191e-01,-1.596504e-01,-2.257798e-01,1.596504e-01)
整体坐标系下的节点力：(-4.978803e-02,-2.481990e-01,-2.957638e-02,-2.238811e-01,1.697563e-01,1.839684e-01),(4.978803e-02,2.481990e-01,2.957638e-02,-2.431799e-02,-1.495446e-01,6.423061e-02)
局部坐标系下的节点力：(5.611911e-02,-2.481990e-01,-1.429179e-02,2.822248e-02,1.697563e-01,-2.883931e-01),(-5.611911e-02,2.481990e-01,1.429179e-02,-2.822248e-02,-1.495446e-01,-6.261332e-02)
第2个单元：
整体坐标系下的节点位移：(0.000000e+00,0.000000e+00,0.000000e+00,0.000000e+00,0.000000e+00,0.000000e+00),(1.713910e-01,1.713910e-01,-5.915277e-02,2.257798e-01,-2.257798e-01,7.557614e-18)
局部坐标系下的节点位移：(0.000000e+00,0.000000e+00,0.000000e+00,0.000000e+00,0.000000e+00,0.000000e+00),(5.915277e-02,2.423835e-01,0.000000e+00,-7.557614e-18,0.000000e+00,3.193009e-01)
整体坐标系下的节点力：(-7.020129e-01,-7.020129e-01,5.915277e-02,-5.767863e-01,5.767863e-01,-1.889403e-18),(7.020129e-01,7.020129e-01,-5.915277e-02,-1.252266e-01,1.252266e-01,1.889403e-18)
局部坐标系下的节点力：(-5.915277e-02,-9.927962e-01,0.000000e+00,1.889403e-18,0.000000e+00,-8.156990e-01),(5.915277e-02,9.927962e-01,0.000000e+00,-1.889403e-18,0.000000e+00,-1.770972e-01)
第3个单元：
整体坐标系下的节点位移：(0.000000e+00,0.000000e+00,0.000000e+00,0.000000e+00,0.000000e+00,0.000000e+00),(1.713910e-01,1.713910e-01,-5.915277e-02,2.257798e-01,-2.257798e-01,7.557614e-18)
局部坐标系下的节点位移：(0.000000e+00,0.000000e+00,0.000000e+00,0.000000e+00,0.000000e+00,0.000000e+00),(-7.936441e-02,1.713910e-01,-1.630191e-01,1.596504e-01,2.257798e-01,1.596504e-01)
整体坐标系下的节点力：(-2.481990e-01,-4.978803e-02,-2.957638e-02,-1.697563e-01,2.238811e-01,-1.839684e-01),(2.481990e-01,4.978803e-02,2.957638e-02,1.495446e-01,2.431799e-02,-6.423061e-02)
局部坐标系下的节点力：(5.611911e-02,-2.481990e-01,1.429179e-02,-2.822248e-02,-1.697563e-01,-2.883931e-01),(-5.611911e-02,2.481990e-01,-1.429179e-02,2.822248e-02,1.495446e-01,-6.261332e-02)

约束反力：
位移方向7的约束反力：-0.049788
位移方向8的约束反力：-0.248199
位移方向9的约束反力：-0.029576
位移方向10的约束反力：-0.223881
位移方向11的约束反力：0.169756
位移方向12的约束反力：0.183968
位移方向13的约束反力：-0.702013
位移方向14的约束反力：-0.702013
位移方向15的约束反力：0.059153
位移方向16的约束反力：-0.576786
位移方向17的约束反力：0.576786
位移方向18的约束反力：-0.000000
位移方向19的约束反力：-0.248199
位移方向20的约束反力：-0.049788
位移方向21的约束反力：-0.029576
位移方向22的约束反力：-0.169756
位移方向23的约束反力：0.223881
位移方向24的约束反力：-0.183968
