
---------------------------------------求解结果---------------------------------------
节点位移：
第1个节点的位移：(-2.142857e-01,-2.500357e-01,8.928571e-02)
第2个节点的位移：(-2.142857e-01,-3.571429e-05,7.142857e-02)
第3个节点的位移：(0.000000e+00,0.000000e+00,0.000000e+00)

单元信息：
第1个单元：
整体坐标系下的节点位移：(-2.142857e-01,-2.500357e-01,8.928571e-02),(-2.142857e-01,-3.571429e-05,7.142857e-02)
局部坐标系下的节点位移：(-2.142857e-01,-2.500357e-01,8.928571e-02),(-2.142857e-01,-3.571429e-05,7.142857e-02)
整体坐标系下的节点力：(0.000000e+00,-1.000000e+05,4.656613e-10),(0.000000e+00,1.000000e+05,-3.000000e+05)
局部坐标系下的节点力：(0.000000e+00,-1.000000e+05,4.656613e-10),(0.000000e+00,1.000000e+05,-3.000000e+05)
第2个单元：
整体坐标系下的节点位移：(-2.142857e-01,-3.571429e-05,7.142857e-02),(0.000000e+00,0.000000e+00,0.000000e+00)
局部坐标系下的节点位移：(3.571429e-05,-2.142857e-01,7.142857e-02),(0.000000e+00,0.000000e+00,0.000000e+00)
整体坐标系下的节点力：(0.000000e+00,-1.000000e+05,3.000000e+05),(0.000000e+00,1.000000e+05,-3.000000e+05)
局部坐标系下的节点力：(1.000000e+05,0.000000e+00,3.000000e+05),(-1.000000e+05,0.000000e+00,-3.000000e+05)

约束反力：
位移方向7的约束反力：0.000000
位移方向8的约束反力：100000.000000
位移方向9的约束反力：-300000.000000
